CF
dataset: 1M
N: 20
K: 10
metrics: {'recall': 0.0732212926630636, 'precision': 0.12625531914893617, 'f1': 0.09268833663954015}

